10583
10583
30923
30923
51479
51479
52058
52058
52238
52238
54490
54490
54753
54753
55164
55164
55326
55326
57952
57952
61462
61462
63735
63735
67181
67181
69511
69511
72297
72297
79033
79033
79050
79050
79137
79137
83084
83084
84002
84002
84005
84005
85063
85063
87021
87021
87647
87647
88136
88136
89946
89946
91536
91536
91581
91581
91605
91605
92858
92858
94986
94986
111513
111513
111516
111516
120458
120458
120705
120705
120983
120983
121009
121009
126108
126108
135032
135032
135040
135040
172595
172595
233473
233473
239339
239339
240789
240789
241320
241320
247916
247916
249275
249275
251627
251627
255923
255923
362905
362905
526832
526832
526840
526840
527038
527038
527186
527186
527207
527207
529782
529782
532051
532051
532258
532258
533170
533170
533179
533179
533198
533198
534192
534192
534198
534198
540540
540540
540975
540975
559889
559889
600182
600182
600495
600495
601583
601583
603505
603505
603515
603515
603516
603516
618463
618463
626686
626686
636975
636975
645605
645605
662613
662613
662622
662622
668394
668394
676127
676127
691541
691541
693625
693625
